<?xml version="1.0"?>
<opencv_storage>
<auRShape type_id="opencv-matrix">
  <rows>132</rows>
  <cols>1</cols>
  <dt>d</dt>
  <data>
    15. 16. 18. 22. 29. 41. 57. 76. 99. 120. 140. 156. 168. 176. 179.
    183. 184. 33. 44. 56. 70. 82. 120. 134. 147. 160. 170. 101. 101.
    100. 100. 86. 93. 100. 107. 114. 50. 58. 69. 77. 68. 58. 124. 132.
    143. 152. 143. 134. 69. 77. 88. 100. 112. 123. 131. 123. 112. 100.
    87. 76. 87. 100. 113. 113. 100. 87. 49. 72. 95. 116. 139. 160. 176.
    188. 193. 188. 178. 161. 142. 119. 97. 74. 52. 24. 16. 13. 14. 18.
    18. 14. 14. 18. 26. 41. 55. 70. 84. 95. 97. 98. 97. 96. 44. 38. 38.
    44. 47. 47. 44. 40. 40. 46. 48. 47. 127. 120. 115. 116. 115. 120.
    128. 137. 143. 144. 143. 137. 124. 125. 125. 131. 132. 130.</data></auRShape>
<AU1_W_CONST type_id="opencv-matrix">
  <rows>1</rows>
  <cols>155</cols>
  <dt>d</dt>
  <data>
    2.2592066299999998e-003 -5.6807334000000004e-004
    2.9702048399999998e-003 3.3277018000000000e-003
    -1.0316550400000001e-003 4.1464975900000001e-003
    -2.6989509030000001e-002 2.8975502799999998e-003
    -8.1295179400000007e-003 -6.9802581799999997e-003
    -2.6755157100000000e-003 -8.5720548500000000e-003
    -9.2471011400000001e-003 2.1391140770000001e-002
    -2.2161167900000001e-003 1.6445120800000000e-003
    -2.9206013200000001e-003 1.6445120800000000e-003
    -2.9206013200000001e-003 -1.5877821700000000e-003
    2.2901764170000002e-002 4.2020344049999998e-002
    1.4284018810000000e-002 2.7452260300000000e-002
    -1.0900000860000000e-002 4.0026460670000000e-002
    3.5240954860000000e-002 2.1165793660000001e-002
    2.3957537889999998e-002 2.0541568489999999e-002
    1.6109814090000001e-002 2.3587547330000000e-002
    2.2576609970000001e-002 9.4721788700000004e-003
    1.6459497500000000e-002 2.5673130669999999e-002
    2.8738801900000002e-003 -1.7363564630000002e-002
    -8.8241868999999994e-003 1.3042016600000000e-003
    1.1395722830000000e-002 -3.3251694299999998e-003
    -1.3925234520000000e-002 -1.0637121300000000e-003
    9.1656398199999999e-003 5.7103661300000001e-003
    1.3578042860000000e-002 1.3841835510000001e-002
    9.9463061500000005e-003 -2.6680044399999998e-003
    1.8545309100000001e-002 -6.3936928400000004e-003
    -3.2558039799999998e-003 -3.2216202000000002e-003
    7.4225047600000003e-003 2.2384384099999998e-003
    -5.9677118099999999e-003 -2.9000585400000001e-003
    -1.0038057570000000e-002 -1.3884777209999999e-002
    -6.4266710300000000e-003 -6.9774416899999999e-003
    -1.4782544470000001e-002 -1.6239232159999999e-002
    -9.8832509500000002e-003 1.1679161660000000e-002
    4.4181354899999999e-003 1.3807434299999999e-002
    2.0496365119999999e-002 -7.5443986300000000e-003
    1.8413102479999999e-002 1.1745995960000000e-002
    6.8594158000000001e-003 1.3221473780000000e-002
    1.3603286920000001e-002 3.9957734100000003e-003
    -2.2619159999999999e-005 2.1790427009999998e-002
    -1.7347098469999999e-002 -1.4969835420000001e-002
    -1.4041134200000001e-003 5.4873950199999999e-003
    -7.5506822000000000e-004 1.0253615280000000e-002
    6.6945526500000003e-003 1.3445225539999999e-002
    1.5142678860000000e-002 -2.3675834900000001e-003
    9.8812754900000008e-003 -1.0843073820000000e-002
    -1.2218491260000000e-002 -6.1930054599999996e-003
    -7.4320251000000001e-004 -4.3433019600000004e-003
    -6.2194321699999998e-003 -1.0281636190000000e-002
    -3.9017938100000000e-003 -2.7577434900000002e-003
    -1.4971229850000000e-002 -1.1664489580000000e-002
    6.4740570999999997e-004 -5.8470122900000001e-003
    -1.4752052300000000e-002 -6.7986852299999996e-003
    -1.7049182100000000e-003 -4.5075642800000001e-003
    3.4804941700000000e-003 3.7683865700000002e-003
    1.6445120800000000e-003 -1.0623102190000001e-002
    -6.3450964800000004e-003 -1.4943792189999999e-002
    -1.5077083979999999e-002 -1.7170024579999998e-002
    -2.1405909240000000e-002 -1.4019248710000000e-002
    -1.4197381970000001e-002 -2.1408349279999999e-002
    -2.5696005219999998e-002 -8.5408501200000004e-003
    4.2449243000000002e-004 -8.6434504600000003e-003
    -1.3432159040000001e-002 -7.0188195500000003e-003
    -6.4867876200000001e-003 -1.5623093490000000e-002
    -1.8709674520000000e-002 -5.2392712000000003e-003
    -1.8584281499999999e-003 -5.0939884000000000e-003
    1.3188306800000001e-003 3.2532983100000000e-003
    -1.1348928610000000e-002 -2.9206013200000001e-003
    -3.2018967099999998e-003 -8.2605978700000006e-003
    -8.3104990999999999e-004 -8.7152390999999997e-004
    -1.2694791840000001e-002 -1.4727938810000001e-002
    -5.4164810499999997e-003 7.6626973999999995e-004
    1.6666474000000000e-003 -6.7619545400000002e-003
    -7.9725967200000008e-003 2.1471254800000000e-003
    6.0939494900000002e-003 -5.3232638200000001e-003
    -5.2806466500000000e-003 -1.0234240000000000e-004
    -3.9955127999999999e-003 -5.0265248700000001e-003
    -4.4264282900000002e-003 -7.3700423000000004e-004
    -8.1295179400000007e-003</data></AU1_W_CONST>
