%YAML:1.0
name: "readface_android_demo"
expires: "20161231"
token: "6b3ef2da223e68f6b1dece01df1368fded42f54d813ecac9c50ef26812796cad"
version: "2.0.0"
