%YAML:1.0
name: "robot_doudou"
expires: "20161201"
token: "e847bdee064fdf626933af32591ea57fa049968520426fb586040479b1dc0420"
version: "2.0.0"
